Input: 
1 
Inter=results:
Depth: 
0

Input: 
( 1 ) 
Inter=results:
( 1 ) 
1
Depth: 
1

Input: 
( ( 1 ) ( 1 ) ) 
Inter=results:
( ( 1 ) ( 1 ) ) 
	( 1 ) 
	1
	( 1 ) 
	1
2
Depth: 
2

Input: 
( ( ( 1 ) ( 1 ) ) ( ( 1 ) ( 1 ) ) ( ( 1 ) ( 1 ) ) ) 
Inter=results:
( ( ( 1 ) ( 1 ) ) ( ( 1 ) ( 1 ) ) ( ( 1 ) ( 1 ) ) ) 
	( ( 1 ) ( 1 ) ) 
		( 1 ) 
		1
		( 1 ) 
		1
	2
	( ( 1 ) ( 1 ) ) 
		( 1 ) 
		1
		( 1 ) 
		1
	2
	( ( 1 ) ( 1 ) ) 
		( 1 ) 
		1
		( 1 ) 
		1
	2
3
Depth: 
3

Input: 
( ( ( ( 1 ) ( 1 ) ) ( ( 1 ) ( 1 ) ) ( ( 1 ) ( 1 ) ) ) ( ( ( 1 ) ( 1 ) ) ( ( 1 ) ( 1 ) ) ( ( 1 ) ( 1 ) ) ) ( ( ( 1 ) ( 1 ) ) ( ( 1 ) ( 1 ) ) ( ( 1 ) ( 1 ) ) ) ( ( ( 1 ) ( 1 ) ) ( ( 1 ) ( 1 ) ) ( ( 1 ) ( 1 ) ) ) ) 
Inter=results:
( ( ( ( 1 ) ( 1 ) ) ( ( 1 ) ( 1 ) ) ( ( 1 ) ( 1 ) ) ) ( ( ( 1 ) ( 1 ) ) ( ( 1 ) ( 1 ) ) ( ( 1 ) ( 1 ) ) ) ( ( ( 1 ) ( 1 ) ) ( ( 1 ) ( 1 ) ) ( ( 1 ) ( 1 ) ) ) ( ( ( 1 ) ( 1 ) ) ( ( 1 ) ( 1 ) ) ( ( 1 ) ( 1 ) ) ) ) 
	( ( ( 1 ) ( 1 ) ) ( ( 1 ) ( 1 ) ) ( ( 1 ) ( 1 ) ) ) 
		( ( 1 ) ( 1 ) ) 
			( 1 ) 
			1
			( 1 ) 
			1
		2
		( ( 1 ) ( 1 ) ) 
			( 1 ) 
			1
			( 1 ) 
			1
		2
		( ( 1 ) ( 1 ) ) 
			( 1 ) 
			1
			( 1 ) 
			1
		2
	3
	( ( ( 1 ) ( 1 ) ) ( ( 1 ) ( 1 ) ) ( ( 1 ) ( 1 ) ) ) 
		( ( 1 ) ( 1 ) ) 
			( 1 ) 
			1
			( 1 ) 
			1
		2
		( ( 1 ) ( 1 ) ) 
			( 1 ) 
			1
			( 1 ) 
			1
		2
		( ( 1 ) ( 1 ) ) 
			( 1 ) 
			1
			( 1 ) 
			1
		2
	3
	( ( ( 1 ) ( 1 ) ) ( ( 1 ) ( 1 ) ) ( ( 1 ) ( 1 ) ) ) 
		( ( 1 ) ( 1 ) ) 
			( 1 ) 
			1
			( 1 ) 
			1
		2
		( ( 1 ) ( 1 ) ) 
			( 1 ) 
			1
			( 1 ) 
			1
		2
		( ( 1 ) ( 1 ) ) 
			( 1 ) 
			1
			( 1 ) 
			1
		2
	3
	( ( ( 1 ) ( 1 ) ) ( ( 1 ) ( 1 ) ) ( ( 1 ) ( 1 ) ) ) 
		( ( 1 ) ( 1 ) ) 
			( 1 ) 
			1
			( 1 ) 
			1
		2
		( ( 1 ) ( 1 ) ) 
			( 1 ) 
			1
			( 1 ) 
			1
		2
		( ( 1 ) ( 1 ) ) 
			( 1 ) 
			1
			( 1 ) 
			1
		2
	3
4
Depth: 
4

Input: 
( ( ( ( ( 1 ) ( 1 ) ) ( ( 1 ) ( 1 ) ) ( ( 1 ) ( 1 ) ) ) ( ( ( 1 ) ( 1 ) ) ( ( 1 ) ( 1 ) ) ( ( 1 ) ( 1 ) ) ) ( ( ( 1 ) ( 1 ) ) ( ( 1 ) ( 1 ) ) ( ( 1 ) ( 1 ) ) ) ( ( ( 1 ) ( 1 ) ) ( ( 1 ) ( 1 ) ) ( ( 1 ) ( 1 ) ) ) ) ( ( ( ( 1 ) ( 1 ) ) ( ( 1 ) ( 1 ) ) ( ( 1 ) ( 1 ) ) ) ( ( ( 1 ) ( 1 ) ) ( ( 1 ) ( 1 ) ) ( ( 1 ) ( 1 ) ) ) ( ( ( 1 ) ( 1 ) ) ( ( 1 ) ( 1 ) ) ( ( 1 ) ( 1 ) ) ) ( ( ( 1 ) ( 1 ) ) ( ( 1 ) ( 1 ) ) ( ( 1 ) ( 1 ) ) ) ) ( ( ( ( 1 ) ( 1 ) ) ( ( 1 ) ( 1 ) ) ( ( 1 ) ( 1 ) ) ) ( ( ( 1 ) ( 1 ) ) ( ( 1 ) ( 1 ) ) ( ( 1 ) ( 1 ) ) ) ( ( ( 1 ) ( 1 ) ) ( ( 1 ) ( 1 ) ) ( ( 1 ) ( 1 ) ) ) ( ( ( 1 ) ( 1 ) ) ( ( 1 ) ( 1 ) ) ( ( 1 ) ( 1 ) ) ) ) ( ( ( ( 1 ) ( 1 ) ) ( ( 1 ) ( 1 ) ) ( ( 1 ) ( 1 ) ) ) ( ( ( 1 ) ( 1 ) ) ( ( 1 ) ( 1 ) ) ( ( 1 ) ( 1 ) ) ) ( ( ( 1 ) ( 1 ) ) ( ( 1 ) ( 1 ) ) ( ( 1 ) ( 1 ) ) ) ( ( ( 1 ) ( 1 ) ) ( ( 1 ) ( 1 ) ) ( ( 1 ) ( 1 ) ) ) ) ( ( ( ( 1 ) ( 1 ) ) ( ( 1 ) ( 1 ) ) ( ( 1 ) ( 1 ) ) ) ( ( ( 1 ) ( 1 ) ) ( ( 1 ) ( 1 ) ) ( ( 1 ) ( 1 ) ) ) ( ( ( 1 ) ( 1 ) ) ( ( 1 ) ( 1 ) ) ( ( 1 ) ( 1 ) ) ) ( ( ( 1 ) ( 1 ) ) ( ( 1 ) ( 1 ) ) ( ( 1 ) ( 1 ) ) ) ) ) 
Inter=results:
( ( ( ( ( 1 ) ( 1 ) ) ( ( 1 ) ( 1 ) ) ( ( 1 ) ( 1 ) ) ) ( ( ( 1 ) ( 1 ) ) ( ( 1 ) ( 1 ) ) ( ( 1 ) ( 1 ) ) ) ( ( ( 1 ) ( 1 ) ) ( ( 1 ) ( 1 ) ) ( ( 1 ) ( 1 ) ) ) ( ( ( 1 ) ( 1 ) ) ( ( 1 ) ( 1 ) ) ( ( 1 ) ( 1 ) ) ) ) ( ( ( ( 1 ) ( 1 ) ) ( ( 1 ) ( 1 ) ) ( ( 1 ) ( 1 ) ) ) ( ( ( 1 ) ( 1 ) ) ( ( 1 ) ( 1 ) ) ( ( 1 ) ( 1 ) ) ) ( ( ( 1 ) ( 1 ) ) ( ( 1 ) ( 1 ) ) ( ( 1 ) ( 1 ) ) ) ( ( ( 1 ) ( 1 ) ) ( ( 1 ) ( 1 ) ) ( ( 1 ) ( 1 ) ) ) ) ( ( ( ( 1 ) ( 1 ) ) ( ( 1 ) ( 1 ) ) ( ( 1 ) ( 1 ) ) ) ( ( ( 1 ) ( 1 ) ) ( ( 1 ) ( 1 ) ) ( ( 1 ) ( 1 ) ) ) ( ( ( 1 ) ( 1 ) ) ( ( 1 ) ( 1 ) ) ( ( 1 ) ( 1 ) ) ) ( ( ( 1 ) ( 1 ) ) ( ( 1 ) ( 1 ) ) ( ( 1 ) ( 1 ) ) ) ) ( ( ( ( 1 ) ( 1 ) ) ( ( 1 ) ( 1 ) ) ( ( 1 ) ( 1 ) ) ) ( ( ( 1 ) ( 1 ) ) ( ( 1 ) ( 1 ) ) ( ( 1 ) ( 1 ) ) ) ( ( ( 1 ) ( 1 ) ) ( ( 1 ) ( 1 ) ) ( ( 1 ) ( 1 ) ) ) ( ( ( 1 ) ( 1 ) ) ( ( 1 ) ( 1 ) ) ( ( 1 ) ( 1 ) ) ) ) ( ( ( ( 1 ) ( 1 ) ) ( ( 1 ) ( 1 ) ) ( ( 1 ) ( 1 ) ) ) ( ( ( 1 ) ( 1 ) ) ( ( 1 ) ( 1 ) ) ( ( 1 ) ( 1 ) ) ) ( ( ( 1 ) ( 1 ) ) ( ( 1 ) ( 1 ) ) ( ( 1 ) ( 1 ) ) ) ( ( ( 1 ) ( 1 ) ) ( ( 1 ) ( 1 ) ) ( ( 1 ) ( 1 ) ) ) ) ) 
	( ( ( ( 1 ) ( 1 ) ) ( ( 1 ) ( 1 ) ) ( ( 1 ) ( 1 ) ) ) ( ( ( 1 ) ( 1 ) ) ( ( 1 ) ( 1 ) ) ( ( 1 ) ( 1 ) ) ) ( ( ( 1 ) ( 1 ) ) ( ( 1 ) ( 1 ) ) ( ( 1 ) ( 1 ) ) ) ( ( ( 1 ) ( 1 ) ) ( ( 1 ) ( 1 ) ) ( ( 1 ) ( 1 ) ) ) ) 
		( ( ( 1 ) ( 1 ) ) ( ( 1 ) ( 1 ) ) ( ( 1 ) ( 1 ) ) ) 
			( ( 1 ) ( 1 ) ) 
				( 1 ) 
				1
				( 1 ) 
				1
			2
			( ( 1 ) ( 1 ) ) 
				( 1 ) 
				1
				( 1 ) 
				1
			2
			( ( 1 ) ( 1 ) ) 
				( 1 ) 
				1
				( 1 ) 
				1
			2
		3
		( ( ( 1 ) ( 1 ) ) ( ( 1 ) ( 1 ) ) ( ( 1 ) ( 1 ) ) ) 
			( ( 1 ) ( 1 ) ) 
				( 1 ) 
				1
				( 1 ) 
				1
			2
			( ( 1 ) ( 1 ) ) 
				( 1 ) 
				1
				( 1 ) 
				1
			2
			( ( 1 ) ( 1 ) ) 
				( 1 ) 
				1
				( 1 ) 
				1
			2
		3
		( ( ( 1 ) ( 1 ) ) ( ( 1 ) ( 1 ) ) ( ( 1 ) ( 1 ) ) ) 
			( ( 1 ) ( 1 ) ) 
				( 1 ) 
				1
				( 1 ) 
				1
			2
			( ( 1 ) ( 1 ) ) 
				( 1 ) 
				1
				( 1 ) 
				1
			2
			( ( 1 ) ( 1 ) ) 
				( 1 ) 
				1
				( 1 ) 
				1
			2
		3
		( ( ( 1 ) ( 1 ) ) ( ( 1 ) ( 1 ) ) ( ( 1 ) ( 1 ) ) ) 
			( ( 1 ) ( 1 ) ) 
				( 1 ) 
				1
				( 1 ) 
				1
			2
			( ( 1 ) ( 1 ) ) 
				( 1 ) 
				1
				( 1 ) 
				1
			2
			( ( 1 ) ( 1 ) ) 
				( 1 ) 
				1
				( 1 ) 
				1
			2
		3
	4
	( ( ( ( 1 ) ( 1 ) ) ( ( 1 ) ( 1 ) ) ( ( 1 ) ( 1 ) ) ) ( ( ( 1 ) ( 1 ) ) ( ( 1 ) ( 1 ) ) ( ( 1 ) ( 1 ) ) ) ( ( ( 1 ) ( 1 ) ) ( ( 1 ) ( 1 ) ) ( ( 1 ) ( 1 ) ) ) ( ( ( 1 ) ( 1 ) ) ( ( 1 ) ( 1 ) ) ( ( 1 ) ( 1 ) ) ) ) 
		( ( ( 1 ) ( 1 ) ) ( ( 1 ) ( 1 ) ) ( ( 1 ) ( 1 ) ) ) 
			( ( 1 ) ( 1 ) ) 
				( 1 ) 
				1
				( 1 ) 
				1
			2
			( ( 1 ) ( 1 ) ) 
				( 1 ) 
				1
				( 1 ) 
				1
			2
			( ( 1 ) ( 1 ) ) 
				( 1 ) 
				1
				( 1 ) 
				1
			2
		3
		( ( ( 1 ) ( 1 ) ) ( ( 1 ) ( 1 ) ) ( ( 1 ) ( 1 ) ) ) 
			( ( 1 ) ( 1 ) ) 
				( 1 ) 
				1
				( 1 ) 
				1
			2
			( ( 1 ) ( 1 ) ) 
				( 1 ) 
				1
				( 1 ) 
				1
			2
			( ( 1 ) ( 1 ) ) 
				( 1 ) 
				1
				( 1 ) 
				1
			2
		3
		( ( ( 1 ) ( 1 ) ) ( ( 1 ) ( 1 ) ) ( ( 1 ) ( 1 ) ) ) 
			( ( 1 ) ( 1 ) ) 
				( 1 ) 
				1
				( 1 ) 
				1
			2
			( ( 1 ) ( 1 ) ) 
				( 1 ) 
				1
				( 1 ) 
				1
			2
			( ( 1 ) ( 1 ) ) 
				( 1 ) 
				1
				( 1 ) 
				1
			2
		3
		( ( ( 1 ) ( 1 ) ) ( ( 1 ) ( 1 ) ) ( ( 1 ) ( 1 ) ) ) 
			( ( 1 ) ( 1 ) ) 
				( 1 ) 
				1
				( 1 ) 
				1
			2
			( ( 1 ) ( 1 ) ) 
				( 1 ) 
				1
				( 1 ) 
				1
			2
			( ( 1 ) ( 1 ) ) 
				( 1 ) 
				1
				( 1 ) 
				1
			2
		3
	4
	( ( ( ( 1 ) ( 1 ) ) ( ( 1 ) ( 1 ) ) ( ( 1 ) ( 1 ) ) ) ( ( ( 1 ) ( 1 ) ) ( ( 1 ) ( 1 ) ) ( ( 1 ) ( 1 ) ) ) ( ( ( 1 ) ( 1 ) ) ( ( 1 ) ( 1 ) ) ( ( 1 ) ( 1 ) ) ) ( ( ( 1 ) ( 1 ) ) ( ( 1 ) ( 1 ) ) ( ( 1 ) ( 1 ) ) ) ) 
		( ( ( 1 ) ( 1 ) ) ( ( 1 ) ( 1 ) ) ( ( 1 ) ( 1 ) ) ) 
			( ( 1 ) ( 1 ) ) 
				( 1 ) 
				1
				( 1 ) 
				1
			2
			( ( 1 ) ( 1 ) ) 
				( 1 ) 
				1
				( 1 ) 
				1
			2
			( ( 1 ) ( 1 ) ) 
				( 1 ) 
				1
				( 1 ) 
				1
			2
		3
		( ( ( 1 ) ( 1 ) ) ( ( 1 ) ( 1 ) ) ( ( 1 ) ( 1 ) ) ) 
			( ( 1 ) ( 1 ) ) 
				( 1 ) 
				1
				( 1 ) 
				1
			2
			( ( 1 ) ( 1 ) ) 
				( 1 ) 
				1
				( 1 ) 
				1
			2
			( ( 1 ) ( 1 ) ) 
				( 1 ) 
				1
				( 1 ) 
				1
			2
		3
		( ( ( 1 ) ( 1 ) ) ( ( 1 ) ( 1 ) ) ( ( 1 ) ( 1 ) ) ) 
			( ( 1 ) ( 1 ) ) 
				( 1 ) 
				1
				( 1 ) 
				1
			2
			( ( 1 ) ( 1 ) ) 
				( 1 ) 
				1
				( 1 ) 
				1
			2
			( ( 1 ) ( 1 ) ) 
				( 1 ) 
				1
				( 1 ) 
				1
			2
		3
		( ( ( 1 ) ( 1 ) ) ( ( 1 ) ( 1 ) ) ( ( 1 ) ( 1 ) ) ) 
			( ( 1 ) ( 1 ) ) 
				( 1 ) 
				1
				( 1 ) 
				1
			2
			( ( 1 ) ( 1 ) ) 
				( 1 ) 
				1
				( 1 ) 
				1
			2
			( ( 1 ) ( 1 ) ) 
				( 1 ) 
				1
				( 1 ) 
				1
			2
		3
	4
	( ( ( ( 1 ) ( 1 ) ) ( ( 1 ) ( 1 ) ) ( ( 1 ) ( 1 ) ) ) ( ( ( 1 ) ( 1 ) ) ( ( 1 ) ( 1 ) ) ( ( 1 ) ( 1 ) ) ) ( ( ( 1 ) ( 1 ) ) ( ( 1 ) ( 1 ) ) ( ( 1 ) ( 1 ) ) ) ( ( ( 1 ) ( 1 ) ) ( ( 1 ) ( 1 ) ) ( ( 1 ) ( 1 ) ) ) ) 
		( ( ( 1 ) ( 1 ) ) ( ( 1 ) ( 1 ) ) ( ( 1 ) ( 1 ) ) ) 
			( ( 1 ) ( 1 ) ) 
				( 1 ) 
				1
				( 1 ) 
				1
			2
			( ( 1 ) ( 1 ) ) 
				( 1 ) 
				1
				( 1 ) 
				1
			2
			( ( 1 ) ( 1 ) ) 
				( 1 ) 
				1
				( 1 ) 
				1
			2
		3
		( ( ( 1 ) ( 1 ) ) ( ( 1 ) ( 1 ) ) ( ( 1 ) ( 1 ) ) ) 
			( ( 1 ) ( 1 ) ) 
				( 1 ) 
				1
				( 1 ) 
				1
			2
			( ( 1 ) ( 1 ) ) 
				( 1 ) 
				1
				( 1 ) 
				1
			2
			( ( 1 ) ( 1 ) ) 
				( 1 ) 
				1
				( 1 ) 
				1
			2
		3
		( ( ( 1 ) ( 1 ) ) ( ( 1 ) ( 1 ) ) ( ( 1 ) ( 1 ) ) ) 
			( ( 1 ) ( 1 ) ) 
				( 1 ) 
				1
				( 1 ) 
				1
			2
			( ( 1 ) ( 1 ) ) 
				( 1 ) 
				1
				( 1 ) 
				1
			2
			( ( 1 ) ( 1 ) ) 
				( 1 ) 
				1
				( 1 ) 
				1
			2
		3
		( ( ( 1 ) ( 1 ) ) ( ( 1 ) ( 1 ) ) ( ( 1 ) ( 1 ) ) ) 
			( ( 1 ) ( 1 ) ) 
				( 1 ) 
				1
				( 1 ) 
				1
			2
			( ( 1 ) ( 1 ) ) 
				( 1 ) 
				1
				( 1 ) 
				1
			2
			( ( 1 ) ( 1 ) ) 
				( 1 ) 
				1
				( 1 ) 
				1
			2
		3
	4
	( ( ( ( 1 ) ( 1 ) ) ( ( 1 ) ( 1 ) ) ( ( 1 ) ( 1 ) ) ) ( ( ( 1 ) ( 1 ) ) ( ( 1 ) ( 1 ) ) ( ( 1 ) ( 1 ) ) ) ( ( ( 1 ) ( 1 ) ) ( ( 1 ) ( 1 ) ) ( ( 1 ) ( 1 ) ) ) ( ( ( 1 ) ( 1 ) ) ( ( 1 ) ( 1 ) ) ( ( 1 ) ( 1 ) ) ) ) 
		( ( ( 1 ) ( 1 ) ) ( ( 1 ) ( 1 ) ) ( ( 1 ) ( 1 ) ) ) 
			( ( 1 ) ( 1 ) ) 
				( 1 ) 
				1
				( 1 ) 
				1
			2
			( ( 1 ) ( 1 ) ) 
				( 1 ) 
				1
				( 1 ) 
				1
			2
			( ( 1 ) ( 1 ) ) 
				( 1 ) 
				1
				( 1 ) 
				1
			2
		3
		( ( ( 1 ) ( 1 ) ) ( ( 1 ) ( 1 ) ) ( ( 1 ) ( 1 ) ) ) 
			( ( 1 ) ( 1 ) ) 
				( 1 ) 
				1
				( 1 ) 
				1
			2
			( ( 1 ) ( 1 ) ) 
				( 1 ) 
				1
				( 1 ) 
				1
			2
			( ( 1 ) ( 1 ) ) 
				( 1 ) 
				1
				( 1 ) 
				1
			2
		3
		( ( ( 1 ) ( 1 ) ) ( ( 1 ) ( 1 ) ) ( ( 1 ) ( 1 ) ) ) 
			( ( 1 ) ( 1 ) ) 
				( 1 ) 
				1
				( 1 ) 
				1
			2
			( ( 1 ) ( 1 ) ) 
				( 1 ) 
				1
				( 1 ) 
				1
			2
			( ( 1 ) ( 1 ) ) 
				( 1 ) 
				1
				( 1 ) 
				1
			2
		3
		( ( ( 1 ) ( 1 ) ) ( ( 1 ) ( 1 ) ) ( ( 1 ) ( 1 ) ) ) 
			( ( 1 ) ( 1 ) ) 
				( 1 ) 
				1
				( 1 ) 
				1
			2
			( ( 1 ) ( 1 ) ) 
				( 1 ) 
				1
				( 1 ) 
				1
			2
			( ( 1 ) ( 1 ) ) 
				( 1 ) 
				1
				( 1 ) 
				1
			2
		3
	4
5
Depth: 
5

